[app/ui]
version = 6.3.1
modtime = 1454516557.218204200

[app/launcher]
version = 6.3.1
modtime = 1454516557.232205600
